20 50 140
11111111111111111111111111111111111111111111111111
10000010000000000010000000000000010000000001000001
10000000000000000000000000000000000000000000000001
10000000000110000000000000000000000000000000000001
11110000000000000000000000000000000000000000000001
10010000000000110000000000010000000000100000000001
10000000000000000000000000000000000000000000000001
11111000000000000000000010000001000000000000000001
10001000000000000000000000000000000000000000000001
10111000000000000000000000000000000000000000000001
10000000000000000000000000000000000000000000000001
11110000000000000000000000000000000000000011100001
10000000000000000000000000000000000000000010001111
10000000000000000000000000000000000000000010000001
10000000000000000000000000000000000000000011111111
10000001110000000000000000000000000000000000000001
100000000000000000000000000000000000000000R0000001
10000000000000000000000000000001111100000000000001
10000000000000000000000000000000000000000000000001
11111111111111111111111111111111111111111111111111

